0 0 0 
153 108 6 
112 105 191 
89 121 72 
190 225 64 
206 190 59 
81 13 36 
115 176 195 
161 171 27 
135 169 180 
29 26 199 
102 16 239 
242 107 146 
156 198 23 
49 89 160 
68 218 116 
11 236 9 
196 30 8 
121 67 28 
0 53 65 
146 52 70 
226 149 143 
151 126 171 
194 39 7 
205 120 161 
212 51 60 
211 80 208 
189 135 188 
54 72 205 
103 252 157 
124 21 123 
19 132 69 
58 19 33 
94 253 175 
182 251 87 
90 162 242 
81 13 36 
254 12 229 
35 196 244 
0 53 65 
86 254 214 
28 34 108 
132 2 14 
207 229 90 
125 75 48 
38 27 159 
126 129 238 
29 26 199 
85 152 34 
173 69 31 
37 128 125 
58 19 33 
9 76 45 
218 124 115 
120 0 200 
225 131 92 
246 90 16 
51 155 241 
92 31 106 
120 0 200 
96 232 44 
133 244 133 
152 3 129 
5 60 233 
59 37 212 
91 168 219 
65 54 217 
188 18 5 
73 35 225 
216 78 75 
74 81 2 
22 61 247 
106 43 131 
165 28 61 
158 114 88 
245 22 110 
65 54 217 
21 119 12 
130 56 55 
33 87 158 
247 200 111 
77 64 178 
54 72 205 
46 104 76 
20 99 179 
49 89 160 
64 86 142 
157 23 236 
28 34 108 
78 98 254 
114 161 30 
19 132 69 
193 11 245 
46 104 76 
107 68 190 
15 241 102 
16 154 4 
50 130 53 
253 41 164 
53 118 126 
4 122 235 
248 44 10 
243 215 145 
72 137 21 
72 137 21 
214 92 13 
10 160 82 
101 109 181 
145 71 201 
110 123 37 
60 138 96 
186 139 153 
88 207 100 
69 148 46 
236 38 187 
187 70 156 
2 185 62 
112 105 191 
253 41 164 
214 92 13 
57 240 137 
32 151 196 
171 88 168 
217 173 183 
26 165 166 
30 192 25 
108 116 224 
69 148 46 
246 90 16 
249 79 73 
210 96 94 
179 147 43 
114 161 30 
149 111 207 
51 155 241 
62 217 189 
198 180 122 
79 150 223 
132 2 14 
151 126 171 
23 199 139 
177 106 230 
64 86 142 
7 204 185 
203 102 204 
179 147 43 
97 184 83 
59 37 212 
73 35 225 
95 224 39 
90 162 242 
91 168 219 
44 216 103 
35 196 244 
34 201 248 
186 139 153 
34 201 248 
39 219 151 
15 241 102 
88 207 100 
204 143 135 
255 101 221 
139 156 252 
140 167 255 
95 224 39 
164 194 17 
136 202 58 
131 182 184 
147 210 11 
140 167 255 
70 209 228 
230 136 198 
230 136 198 
5 60 233 
229 141 203 
137 197 162 
187 70 156 
2 185 62 
138 223 226 
198 180 122 
206 190 59 
162 203 118 
240 59 210 
248 44 10 
99 242 104 
223 248 167 
251 164 128 
217 173 183 
168 231 15 
235 208 124 
9 76 45 
82 239 232 
154 159 251 
149 111 207 
168 231 15 
163 227 112 
190 225 64 
94 253 175 
138 223 226 
86 254 214 
107 68 190 
23 199 139 
171 88 168 
213 220 89 
247 200 111 
224 186 249 
235 208 124 
207 229 90 
228 142 81 
7 204 185 
22 61 247 
233 100 78 
182 251 87 
33 87 158 
139 156 252 
243 215 145 
20 99 179 
79 150 223 
131 182 184 
110 123 37 
60 138 96 
210 96 94 
123 48 18 
137 197 162 
188 18 5 
39 219 151 
204 143 135 
249 79 73 
77 64 178 
192 255 193 
16 154 4 
223 248 167 
4 122 235 
177 106 230 
21 119 12 
104 5 98 
50 130 53 
30 192 25 
26 165 166 
10 160 82 
106 43 131 
44 216 103 
255 101 221 
32 151 196 
213 220 89 
70 209 228 
97 184 83 
82 239 232 
251 164 128 
193 11 245 
38 27 159 
229 141 203 
130 56 55 
147 210 11 
162 203 118 
255 255 255 
